tps: [361.5277659741667] 
std: 121.49543790541459 
latency: [4224] 
std: 2943.431128688465 

[413.562895292, 317.116477273, 452.556703798,
 97.167534612, 444.712593243, 262.138267549,
 377.104377104, 233.569910582, 239.62386511,
 406.498760277, 544.625, 515.43715847,
 388.538380652, 222.527930632, 412.251451155,
 416.030996489, 208.770933863, 256.746396811,
 407.640380485, 420.700125022, 520.155350208,
 390.380313199, 229.839842652, 391.719077568,
 138.080045232, 261.568188752, 379.0039491,
 561.61971831, 368.772282658, 567.374073127]
