tps: [349.09728497719004] 
std: 184.22484527984048 
latency: [2859] 
std: 1398.1572073525294 


[701.683840161, 446.176008381, 634.924031671, 161.111361689, 195.39238635, 513.107996702, 182.675947409, 450.371185043, 460.940810849, 673.216574114,
 124.799071263, 407.167879278, 127.172019476, 611.143695015, 136.927781275, 663.316582915, 574.393707669, 396.962519158, 400.501179245, 447.484420125,
 112.692239703, 444.877415165, 140.252454418, 392.812887237, 116.446578631, 159.823627097, 122.605533877, 200.875009429, 118.384772747, 556.080017982,
 470.371556694, 230.295081967, 432.03230148, 145.437558393, 152.895790605, 140.922834232, 212.860988742, 145.696820441, 146.811930702, 365.521931316,
 578.053559765, 436.663378892, 133.715206301, 359.306384416, 452.608829886, 765.331152903, 165.262418817, 435.945095796, 700.588928151, 152.954428122,
 122.353994182, 143.596778476, 408.201171596, 631.431041937, 388.765802163, 443.297403978, 157.719272442, 413.78389208, 435.02501787, 140.220250568,
 140.0, 642.393009187, 701.466015104, 463.239517519, 187.902187902, 171.133795513, 170.046420718, 149.114631873, 445.0, 438.910174542,
 363.440860215, 146.758340193, 608.859566447, 527.253446448, 264.240200811, 417.753039402, 331.943081452, 543.358714044, 350.786075239, 388.29787234,
 395.535203205, 444.288913774, 147.078937085, 442.755681818, 199.048476276, 168.912995836, 438.139534884, 433.291157036, 604.462474645, 490.669593853,
 636.078782453, 149.156305506, 164.274842357, 302.592557161, 200.428098852, 623.843566022, 215.274647434, 250.982909412, 424.832026876, 144.194507298]
