tps: [361.5179290839312] 
std: 174.13346827234128 
latency: [3679] 
std: 2349.8911077639473 


[506.414662085, 482.052645573, 735.829039103, 430.865921788,
 257.4419778, 407.779792319, 330.978194664, 98.9850844393,
 370.55774926, 139.996455786, 277.295492487, 163.326812246,
 482.252508612, 732.398356708, 471.443406023, 465.735038686,
 130.155659133, 360.916081578, 188.245079013, 342.42319641,
 106.861131604, 265.483520464, 216.420641698, 235.421166307,
 557.575757576, 337.971805366, 380.996188724, 475.345718676,
 60.3155582185, 416.46590552, 506.107676067, 634.515506752]
